5  -> module 233
10 -> module 331
10 -> module 331 class 0xyzabcdef
9  -> module 331 class 0xyzdefabc
9  -> module 331 class 0xyzcdefab
6  -> module 332 class 1,2,3,4,5,6,7,8,9
16 -> module 333 class 1,2,3,4,5,6,7,8,9,10,11,12,13,14,15,0
6  -> module 334 class 1111,6789,16171819,0000
16 -> module 335 class 1234,6789,20212223,2425260
1+4+3+2+1=11 -> module 336 init 1,2,3,4,5 6,7,8,9,10 11,12,13,14,15 16,17,18,19,20
4  -> module 337 1,2,3,4,5,6,7,8,9,10,11,12,13,14,15,16,17,18,19,20,21,22,23,24,25
4  -> module 337 25,24,23,22,21,20,19,18,17,16,15,14,13,12,11,10,9,8,7,6,5,4,3,2,1
2  -> module 2337 1,2,3,4,5,6   6,5,4,3,2,1
2  -> module 33
5 + 10 + 10 + 9 + 9 + 6 + 16 + 6 + 16 + 11 + 4 + 4 + 2 + 2 = 108 + 2 = 110
